0.00536231436833695 0.00397346665712511 0.00494670669298963 0.0047777675874936 0.00498981575750764 0.00479174977822001 0.00416923727114511 0.00563831201925061 0.00411917411330821 0.00391527585377771 0.00557906573715017 0.00516671132376549 0.00552787213201882 0.00431505901870471 0.00532400749551504 0.00565962515035269 0.00534894038960076 0.00394406089418635 0.00563675464739954 0.00566866380086001 0.00506917628971827 0.00549341330728081 0.00506538133082162 0.00519193347646672 0.00489277446813808 0.00553305688326192 0.00456677006224076 0.00545376986232188 0.00523064801900753 0.00477967382601416 0.00416762478238671 0.00460423008818061 0.00532747365790047 0.0048127514603957 0.00547033761369115 0.00512709287469616 0.00496680212751631 0.00484834436638855 0.00566165297023073 0.00556343602194466
0.0063070027101646 0.00460381684079581 0.00576087257699841 0.00556095751377506 0.00582927738862994 0.00560630570496294 0.00485905785493964 0.00664043923214778 0.00479626412395908 0.00453216748586906 0.00655071574149135 0.0060452017827235 0.00649155310094639 0.00502953544959031 0.00623490605584422 0.00663512562613277 0.00621894606056672 0.00457755800118536 0.00662837920939623 0.00665154600619496 0.00593303093728093 0.00645567580859508 0.0059389423903538 0.00611154210522143 0.00569272629686784 0.00648335975296064 0.00534128353268275 0.00640953812292799 0.00611214525521659 0.00557486377177553 0.0048510018219201 0.0053804110461117 0.00621611580608581 0.00562801819246044 0.00643189988247072 0.00598009914387444 0.00581502929943502 0.00567048324058141 0.00666753048308849 0.00652160315237586
0.00737483300681177 0.00531846028099615 0.00667245323849416 0.00643305859706044 0.00677488182898056 0.00651885442647872 0.00565610837897077 0.00776601893641248 0.00557141657383716 0.00523081506135896 0.00764229057861191 0.00702188843076986 0.00756573723926938 0.00583580356253714 0.00725947303804661 0.00773455212460005 0.00718472798993765 0.00530378073353481 0.00773510625679793 0.00776361973035733 0.00690633897930575 0.00754320972813576 0.00692497587341817 0.0071626609752856 0.00659060935100534 0.00754630095816236 0.00621870628268351 0.00748451339874037 0.00710445688661232 0.00646414092642296 0.00562829055163058 0.00625496891841668 0.00720766972217121 0.00655299450875569 0.00752533077740447 0.00693341704900367 0.00677281281452753 0.00659219386985441 0.00779171314398909 0.00760738721665711
0.00851465872155208 0.00608166176730418 0.00766232456051175 0.0073611212246549 0.00780367232498455 0.00747391173090579 0.00654550999861935 0.00893384249208665 0.00640869457627678 0.00596895046820276 0.0088015509684278 0.00803787653948858 0.00867671943625485 0.00668671632870638 0.00836036779357983 0.00892577248648863 0.00822551276142471 0.00608346362176216 0.00887748930099163 0.00897329993086597 0.00795551953630181 0.0087121696501967 0.00798106616637474 0.00831212778389129 0.00757811870613614 0.00866984142972394 0.00715793117471179 0.00861729487610228 0.00818543658233359 0.00741095514243112 0.00646114333747331 0.00718456138776786 0.00827220895545212 0.00756764570653994 0.00871693973230931 0.00795962248417051 0.00780674804875174 0.00756661057754135 0.00893897113968278 0.00880128079235998
0.00955435566549611 0.00679795471065114 0.00866168675408844 0.00824522507556625 0.00883165617136963 0.0083076880183069 0.00747366364264906 0.00988750485236779 0.00720255464110798 0.0066379849895681 0.00985603018684165 0.00892040844105286 0.00960539350982308 0.00744714371277303 0.0094064085331969 0.0100858066421778 0.00926730928845917 0.00680765594484901 0.00981857700268934 0.0101530993229152 0.00896488097151423 0.009806801612786 0.00896502101430637 0.00943026783965468 0.00861634995739478 0.00968364691131686 0.00803174329773641 0.00960773049497219 0.00926858701953544 0.00830411441304704 0.00724011580375945 0.0080400485203837 0.00930701519302808 0.00859544258750487 0.00987294947688406 0.00896514644513472 0.00880221777163441 0.00845261833091611 0.00982184437417591 0.010012242528783
0.0101155633203103 0.00725736806422823 0.00949109976863311 0.00885361276730047 0.00964408721554858 0.00868206753544478 0.00829436005336003 0.010128940213604 0.0077137229531462 0.00701277731705903 0.0104297574513365 0.00931825831018937 0.00992765357852578 0.00782991850390825 0.0100861592319368 0.0109117087826552 0.0101210639606311 0.00723816958093849 0.0101079484924225 0.0109825257716258 0.00965745470322328 0.0104678087040702 0.00955160462381996 0.0101978007137992 0.00959055572317759 0.0102139671591755 0.00855560301517783 0.0100339860737848 0.0101285805718062 0.00889100685833428 0.00772350593484512 0.00854024996442028 0.0100626398404222 0.00943547826340313 0.0106624308052114 0.00972021859069385 0.00948475864075724 0.00894640245289587 0.00991820303478371 0.0109927457401632
0.00975535304776953 0.00716372047342842 0.00982069681176575 0.00883627444950856 0.00987188604702301 0.00823599380002865 0.00872340012826787 0.00927015376525476 0.00760819437076746 0.00681230783245417 0.0100787737742833 0.00886017060312677 0.00926862259121439 0.00749734198090914 0.00995855138980828 0.0109439172402972 0.0104462395740568 0.0070618597508467 0.00937433515223426 0.0109763220700898 0.00962288709923524 0.010229434380861 0.00931645628682296 0.0101536469591297 0.0102523719956869 0.00981752758942978 0.00835769093026856 0.00946351858036446 0.010374568797329 0.00881124449074703 0.00758537446946551 0.00832783310664746 0.0101436752470717 0.00973116399732152 0.0106044233307151 0.00984949432661789 0.00944840807451694 0.0086756706087057 0.00890464415188977 0.0113074881954141
0.00848069582433258 0.00641511758873664 0.00933798810307296 0.0080231058455674 0.00922864400092747 0.0070487506752993 0.00845363513497935 0.00763987357333851 0.00678135201202094 0.00600625392860828 0.00879673294514617 0.00762330567398372 0.00782759838628254 0.0064694485563988 0.00888136065761235 0.00995729965444984 0.00992884723145307 0.00622068558486307 0.00786263169499492 0.00991806941750054 0.0086828725640998 0.00901490780885556 0.00819109204229228 0.00912960818548982 0.0102535978346624 0.00850408408256976 0.00736872287912276 0.00802768928046576 0.00970162765071746 0.00792687418663872 0.00674080429783412 0.00734824258492616 0.00931266428297108 0.00918085147190654 0.00952161886460005 0.00910199858298191 0.00851994809614423 0.0076103438584023 0.00722400530160278 0.0106139371716137
0.00686715648145824 0.00536232844383292 0.00814924786978328 0.00676475065074663 0.00791198359211211 0.00569619164603418 0.00749087684063226 0.00599939296403969 0.00560730480495917 0.0049947038390052 0.00715557631615921 0.00619402162210299 0.0062674066773999 0.00525841997767217 0.00732543563295573 0.00833953320499219 0.00868993505644591 0.00511659667268363 0.00625581226095155 0.00824651072454482 0.00722711915459873 0.00736187961951055 0.00668995060512442 0.00756054685173947 0.00943282634254288 0.00688638911742878 0.0060359313385222 0.00640437226538349 0.00831821206546323 0.00661870596980194 0.00557365047644058 0.00604759363034034 0.00788103854696103 0.00793330069424789 0.00787317768596105 0.00774330074052038 0.00709035708181334 0.00623870156656873 0.00565507700549084 0.00912529997896504
0.00550800553451649 0.00454130234381375 0.00681551398961538 0.00568349020977184 0.00650117861324745 0.0047341209731956 0.00624200463725731 0.00488580734598467 0.00462123562233152 0.00428010357377851 0.00576588732834402 0.00514879117558282 0.00513473591152663 0.00441287294042991 0.00594633504421205 0.00674532388896663 0.00731549140394035 0.00426731906464543 0.00508492159661217 0.00664517315343379 0.00587797510474376 0.00590413806774187 0.00543182507286017 0.00605567816885275 0.00810338891332355 0.00561074781689868 0.00491933408039553 0.00518705280564992 0.00683342400846114 0.00548187718054665 0.00461139186215456 0.00498021394935863 0.0064917489574586 0.006528328358063 0.00630510267421841 0.00639138670590201 0.00577951443990436 0.0051332190763962 0.00469372529479997 0.00747112424409742
0.00472725217370893 0.0042735298613383 0.00589519076299311 0.00519878496934496 0.0054937204397014 0.00441702864728053 0.00516746960992114 0.00450181758689327 0.00415855297560836 0.0041181366046612 0.00496651629829678 0.00476420866750546 0.00467514285223028 0.00418771614101655 0.00515120678989523 0.00562802823375023 0.00638279371432744 0.00396290318453895 0.00458520797410149 0.00556162109044759 0.00505585615702279 0.0050116349077914 0.0047730653821774 0.00499775518137799 0.00683546736382255 0.00501411020064725 0.00435056613129504 0.00465100108018934 0.0057644513398957 0.00490763855597443 0.00417523299417085 0.00447073641549852 0.00563298206280499 0.00545322513728221 0.00522080280816324 0.00553794015935295 0.00500563763396119 0.0046166849790839 0.0044856458360483 0.00617649587149389
0.00460071674721477 0.0045447913621747 0.00564159501835748 0.00536234418500272 0.005116046960288 0.00468670414716992 0.00454428595929749 0.00476153070663186 0.00426141751968282 0.00445098688832211 0.00483631049562726 0.00500151822870825 0.00485367925363133 0.00451021002641103 0.00504089413690964 0.00517317718142008 0.00614663994482518 0.00418832828676656 0.00472859168518052 0.00516252644457817 0.00489068553280308 0.00479389469899938 0.00477059245382882 0.00454184046984198 0.00605708243370225 0.00511056592264077 0.00438288927000527 0.00477865879127813 0.00534522460040215 0.00496650109572074 0.0042978323202131 0.00455556306317628 0.0054700383342357 0.00495139434144453 0.0047761971228788 0.00536043396676507 0.0048883452826468 0.00471542490312442 0.00488095968303345 0.00549807509000347
0.0049878314498915 0.00515773559933796 0.00597884995132079 0.0059820310730041 0.00532974607985212 0.00532746995209545 0.00443951483505702 0.00542619369593375 0.00475055504256809 0.00508624822931417 0.00523862808476493 0.00564772422292228 0.00545969204082033 0.00516341245669204 0.00547164187513987 0.00533428112155317 0.00653256277455966 0.00474954738689513 0.00531148897858178 0.00537925306245424 0.00526079053013979 0.00513038897980032 0.00524499052401659 0.00464674380902619 0.00591321080547034 0.00569542465029781 0.00485789168785398 0.00535911383122808 0.00554126736026677 0.00549236300460898 0.00481423798115462 0.00506372033962221 0.0058840262715644 0.00502198917740636 0.00492278643018523 0.00575345569113568 0.00528014862676845 0.00524947295421788 0.00562627581370419 0.00545314762989375
0.00566718088156 0.00594339117721177 0.00667350595584201 0.00685761870171217 0.00594676071465513 0.00616444017516422 0.00473906429002448 0.00630403401855144 0.00541770027341315 0.00587969068996378 0.00596660118130804 0.0065172140564259 0.00629676992689124 0.00598367626427834 0.00623006043413647 0.00592093497652212 0.00732576423959282 0.00546921226317596 0.00613810331390793 0.00601109134578684 0.00595274845875967 0.00579509124442149 0.0059692754610248 0.00512557050275401 0.00630833359930057 0.0065548855925178 0.0055840935766914 0.00618662967855289 0.00616459570690256 0.0062871844388791 0.00555129302562998 0.00580338937560782 0.00665502798816198 0.00549630530603779 0.00547948865103377 0.00650642690031475 0.00593717401222729 0.00602517073156835 0.00654965136594351 0.00587134467368567
0.00648059265315527 0.0068194622980415 0.00754317448314105 0.00787448040909101 0.0067958644303665 0.00710866436913708 0.00527545780396294 0.00729757584989028 0.0061486520930473 0.00676172123438412 0.00687544227233565 0.00751098079965332 0.00725864009962149 0.00689100286544242 0.00716955132300303 0.00675626411753501 0.00835347051142763 0.00625604531376985 0.00709757379530064 0.00688170413345288 0.00681902736634632 0.00661718570571303 0.00681332548106123 0.00579974924621586 0.0070592095368603 0.00756444080148306 0.00644135634018009 0.00714688691456963 0.00703901308367816 0.0072290010541937 0.00640944842439837 0.00666396959376973 0.00762415392362328 0.00620398311760759 0.0062758122457376 0.00746188303063489 0.00670660090598824 0.00693147228112362 0.00757124226500739 0.00655067340374819
0.00737207329025557 0.00776270865715758 0.00852672317934395 0.00898294370832371 0.00778277880929438 0.00812446468041591 0.00595432075101839 0.00836763165185193 0.00693666829867245 0.00770586393193614 0.00789476056257414 0.00858781536744649 0.00830620488673935 0.007857326425017 0.00821808350424184 0.00774166965112198 0.0095257997277811 0.00709510617071505 0.00814207118100595 0.00789507252770155 0.00779708519414462 0.00753297363287784 0.00774801512984907 0.00659280095871917 0.00802337729487763 0.00866936052272504 0.00737629709479621 0.00819338830105503 0.00806265017554605 0.00826166284320978 0.00734539914018183 0.00760729877260092 0.0087156744526503 0.00705884889000876 0.00721354993513351 0.00853895617844198 0.00756694055936705 0.0079240083441763 0.00866141500899976 0.00738911673850646
0.00834483654471872 0.00877048554437041 0.009623150259514 0.0101668989135474 0.00886724910692615 0.00920113897709946 0.00674615023407996 0.00950275700910329 0.00780745693240582 0.00870545185570522 0.00899632298440377 0.0097348947507674 0.00942892778606106 0.00887984406531808 0.00934676890322592 0.00883212095240121 0.0108078629303753 0.00800003983692572 0.00925579209649591 0.00901064671360942 0.00886311138277371 0.00853964891281358 0.00877360216315676 0.0074899132836928 0.00912344501351491 0.00985089502442829 0.00837507564919593 0.00931111041486732 0.00918957247471347 0.00936433148736268 0.00834477123808457 0.00862452916970954 0.00990053096983457 0.00802449935081234 0.00824734653547063 0.00970450281120009 0.00853421635278412 0.00898776294434536 0.00981382868626754 0.00836159297224167
0.00940422637936531 0.00984446218265528 0.0108309263606895 0.0114262773241071 0.0100351259622667 0.0103393812540851 0.00763387839732434 0.0107041620895795 0.00876619974402829 0.00976297705731077 0.0101717820022932 0.0109528110939853 0.0106259376984177 0.00996356413501989 0.0105479417282944 0.0100089142958724 0.0121914239922269 0.008977082152742 0.0104372214213233 0.0102141288391689 0.0100072187220048 0.00963827562116929 0.00988561191020569 0.00848148368770581 0.0103260225563931 0.0111073217495573 0.00943934595669466 0.0104982741163113 0.0104038113661013 0.0105330330625076 0.00940693703198656 0.00971328639365865 0.0111704991554607 0.00908040537105205 0.00935939311395619 0.0109496612324558 0.00960520477819302 0.0101193338386299 0.0110325547067815 0.00945357830069404
0.0105485265464499 0.0109900639998988 0.0121464300665437 0.0127692098237749 0.011285642556477 0.0115455977145958 0.00860371950819787 0.0119793433425718 0.00980812369844015 0.0108856403461658 0.0114230948381368 0.0122491151692955 0.0119023127329865 0.0111156150024585 0.0118244675634788 0.0112680759061695 0.0136817409792187 0.0100274142372896 0.0116917990656923 0.0115046894150072 0.0112286841063319 0.0108260794494874 0.0110811379843582 0.00955813635018565 0.011621721063029 0.0124456058183014 0.0105744388920713 0.0117602275338766 0.0117049322652421 0.0117720319580744 0.0105382135806487 0.0108758205200706 0.0125285786420945 0.0102171510916775 0.0105463546445366 0.0122778352791218 0.0107709329323085 0.0113221461852082 0.0123265304120628 0.0106514842913153
0.0117782090525102 0.0122168269382949 0.0135730370097702 0.0142089211550231 0.0126261898202185 0.0128295660366606 0.00964978244719165 0.013339660244451 0.0109324691736959 0.012083571432087 0.0127583030248244 0.0136356993313277 0.0132679872776982 0.0123454172325992 0.0131850047315407 0.012614703143258 0.015293023357043 0.0111549563374573 0.0130292354289181 0.0128900150442193 0.0125336222954718 0.0121044119447146 0.0123636870829643 0.0107171574431393 0.0130141737464834 0.0138780077856122 0.0117881622589813 0.0131069860424106 0.0131013796442736 0.0130901114659936 0.0117491179507697 0.0121193172279362 0.0139850832687469 0.0114348375659973 0.011813041109605 0.0136993844151053 0.0120295145116656 0.0126042947338504 0.0137078345242101 0.0119504710863854
0.0130992255057919 0.0135380580154617 0.0151227369532994 0.0157628622659639 0.0140699447857902 0.0142036137461739 0.0107738563676715 0.014799618284995 0.0121448944725884 0.0133693122802143 0.0141896692471487 0.015127990943232 0.0147369730901369 0.0136651243754683 0.0146421028442245 0.0140599149140096 0.0170469652426892 0.0123680666940326 0.0144625320089803 0.0143840294549736 0.0139330840666858 0.013480983723998 0.0137426937777255 0.011962956245728 0.014515053214978 0.0154209760847443 0.0130915348995509 0.014552176233936 0.0146077351975369 0.0144991233421134 0.013053518689187 0.0134551958150155 0.0155558864009346 0.0127403485465561 0.0131694085354612 0.015229621711566 0.0133871899457555 0.0139773128555813 0.0151914516590654 0.0133553478010166
0.0145226232327383 0.0149709113218005 0.0168154497257657 0.0174530616338327 0.0156351629675394 0.0156825764657473 0.0119834873009411 0.0163770232590628 0.0134564584649656 0.0147579788550052 0.0157331439522453 0.0167451294989521 0.0163272627874846 0.0150898786413158 0.0162117080945462 0.0156196195569022 0.0189730236911728 0.0136791945810956 0.0160078672611035 0.0160062558290478 0.0154421935501614 0.0149692753525582 0.0152324674794823 0.0133055830539681 0.0161422765085205 0.0170952574120053 0.0144991069933291 0.0161129132587708 0.0162440878179026 0.016013636671247 0.0144687833429655 0.0148987428619283 0.0172621159032886 0.0141455056555802 0.0146294161336694 0.016888508180313 0.0148567327470818 0.0154557845288957 0.0167956379076979 0.0148787862167663
0.0160640174331154 0.0165371987581866 0.0186792016342447 0.0193073885778438 0.0173456749121307 0.0172842446678045 0.0132907873398156 0.0180937462074577 0.0148829588680579 0.016267893056681 0.017408687086798 0.0185108384991535 0.0180614816862668 0.0166383553723642 0.0179134773212053 0.0173145259325804 0.0211102692841001 0.0151048041839384 0.0176850937379332 0.0177824841845597 0.0170802353899077 0.0165882084054729 0.01685199568053 0.0147598745307541 0.0179200344646861 0.0189268485518703 0.0160294228299528 0.0178103799321287 0.0180367794571826 0.0176512073325304 0.0160166184515233 0.016469497737243 0.0191309838669252 0.0156664485564489 0.0162109871386637 0.0187014154008586 0.0164566828910577 0.0170576114880502 0.0185427719686224 0.0165403387570907
0.0177438099066475 0.0182650699209373 0.0207518531536988 0.0213618239761939 0.0192324636913963 0.019030235003954 0.0147122826578783 0.0199771051100067 0.0164452162277104 0.0179216847864632 0.019241285999079 0.0204550001305201 0.019968313914588 0.0183338125824647 0.0197717151764163 0.0191711066292195 0.023511056619044 0.0166660151166704 0.0195187998238215 0.0197466965987174 0.0188715314622379 0.0183627890493721 0.0186256819077957 0.0163455935394265 0.0198801808024445 0.0209487801406647 0.0177060418413525 0.0196710605122521 0.0200203972173051 0.0194331159317477 0.0177246140723744 0.0181924458206613 0.0211977147712536 0.0173239938695006 0.0179367640977569 0.0207008475448998 0.018211818387654 0.018804830182003 0.0204607877334623 0.0183668740018311
0.0195882662463308 0.0201919084165206 0.0230847494125785 0.023664191671028 0.0213365511344785 0.0209473705698151 0.0162697042367785 0.0220620726794722 0.0181703117814565 0.0197480221187305 0.0212627525780685 0.0226161744451051 0.0220849153977741 0.0202058333885359 0.0218169911073238 0.0212235378867891 0.0262473316870271 0.0183900641594 0.0215400586838679 0.0219446025748419 0.0208471454875975 0.0203258813912439 0.0205850462768388 0.0180885315759685 0.0220650809751635 0.0232040047264751 0.0195593749477499 0.0217287842283964 0.0222413594672953 0.0213856053907804 0.0196287498489083 0.0201002141837122 0.0235088809879228 0.0191448636617861 0.0198356564140973 0.022929374374336 0.0201548701943504 0.0207250316704443 0.0225854303280742 0.0203944865319316
0.0216316077089198 0.0223692261883885 0.0257491628456317 0.026280314754854 0.0237138666714755 0.0230698006056381 0.0179918024744371 0.0243947718879031 0.0200939398143847 0.021784316403653 0.0235146257957358 0.0250455939467703 0.0244608299417069 0.02229311201683 0.0240887035169932 0.0235169608188831 0.0294213545202875 0.0203128492145267 0.0237891871584316 0.0244397205857812 0.0230477115413873 0.0225214517879957 0.0227716760296266 0.0200227204908649 0.0245325504139511 0.0257500037889272 0.0216297416971275 0.0240279797095487 0.0247640301268973 0.0235417997700334 0.0217774300454874 0.0222367961592018 0.0261279215889135 0.0211639419156377 0.0219454454806586 0.0254444311532671 0.0223297701725959 0.0228536163908736 0.0249638093598264 0.0226722287936896
0.0239195604070461 0.0248711497038191 0.0288474253052541 0.0293044975004209 0.0264435013621436 0.0254422993045897 0.0199176029258116 0.0270381397042259 0.0222643800568739 0.024081056706833 0.0260528507976709 0.027813647218572 0.0271644338842741 0.0246479571932442 0.0266391393757041 0.026112839920345 0.0331844639801083 0.0224831602919611 0.0263201446177323 0.0273239748930822 0.0255280432982195 0.0250100985415892 0.0252421225204499 0.0221942517362791 0.0273642841203904 0.0286662953189316 0.0239724407183002 0.0266289263874255 0.0276813055138887 0.0259446758121075 0.0242381475149312 0.0246639141140692 0.0291444089455446 0.0234280536644244 0.0243170577054052 0.0283262961288955 0.0247972437396848 0.0252373632583786 0.0276601353529985 0.0252686251498363
0.0265152955050737 0.0278097271032768 0.0325326504646454 0.0328781281855652 0.029642140261013 0.0281255438796419 0.0221020448658172 0.0300814286783006 0.0247491577931067 0.02670900007352 0.0289555092105454 0.0310207848186554 0.0302938984412199 0.027343787085299 0.0295400544864614 0.0290979372606977 0.0377714175400276 0.0249698073106298 0.0292077546624169 0.0307368645177496 0.0283648021822061 0.0278785337236603 0.028076140439005 0.0246677730531759 0.030680609828337 0.0320671018109544 0.0266663747242917 0.02961649271592 0.0311336434873791 0.0286517682506472 0.0271089139022661 0.0274722625155517 0.032690156900437 0.0260022854041443 0.0270217008392001 0.0316918038133283 0.0276444504196636 0.0279402122815829 0.0307653069516026 0.0282830044453476
0.0295095842711624 0.0313635734370639 0.0370451245391554 0.0372241474086658 0.0334902645096152 0.0312048369681706 0.024625851413631 0.0336567796412815 0.0276464915732073 0.0297715642374597 0.0323360213631881 0.0348166437574681 0.0339966009598891 0.0304880433471094 0.032893689681419 0.0325998448261805 0.0435665406639473 0.0278739989291494 0.0325600030772001 0.0349016887145416 0.0316696904747875 0.0312563161243809 0.0313909980306851 0.0275377748524282 0.0346672737028764 0.0361236217550882 0.0298292383507031 0.033115227143644 0.0353447580757867 0.0317428470541591 0.0305387262427467 0.0308021720180651 0.0369684164470001 0.0289808095758616 0.0301631674149695 0.0357188757006855 0.0310020668743443 0.031052940638765 0.0344135549957384 0.0318657706008025
0.0330386623968424 0.0358315362767227 0.0427822513461835 0.0427128379349993 0.0382810456797375 0.0348049683722022 0.0276129179457771 0.0379691853189568 0.0311056374833618 0.0334269624884842 0.0363664255708251 0.0394350652857081 0.038504862789354 0.0342451213440488 0.0368518350298849 0.0368148088963042 0.0512372277878276 0.0313515020578603 0.0365397888803581 0.0401961232977889 0.0356129594971448 0.0353462531539058 0.0353671930773439 0.0309487215812028 0.0396256020928849 0.041104879675464 0.0336450650984552 0.0373163885933431 0.0406905578546488 0.0353328235647125 0.0347657480214596 0.0348824910132595 0.0423088938353099 0.0325058964250042 0.0338997253005139 0.040692009173423 0.0350754190992435 0.0347098919539286 0.0388123483631221 0.0362558481876398
0.0373160841412249 0.0417148125728803 0.0504346307856187 0.0499822073539756 0.0445087013608524 0.0391159489341393 0.0312588720801105 0.0433514016794468 0.0353639612876693 0.037928405406956 0.041318960877464 0.0452604617491692 0.044202976747298 0.0388771478559444 0.0416495698302256 0.0420585224850015 0.0620035098919412 0.0356525162188617 0.0414045117923905 0.047282625562461 0.0404661599096434 0.0404795469080858 0.0402954494150706 0.0351310323463338 0.0460649964458453 0.0474551112796412 0.0384138118854665 0.042527383617631 0.0478255641400475 0.0395938470458753 0.0401898510382466 0.040098996628384 0.04927247597064 0.0368012798337821 0.0384834389587036 0.047087132144232 0.040200864448687 0.0391184986001717 0.0442967179354011 0.0418503488898638
0.0426859340702486 0.0496127124920044 0.0612130795763745 0.0600605484209022 0.0529736952131457 0.0444357456075922 0.0358555164647399 0.0503557226696889 0.0408128354468023 0.0436922786542432 0.0476352011013019 0.0529518827074446 0.0517428507793921 0.0448076367995264 0.0476635015436719 0.0488537976465693 0.0780335294503266 0.0411855202257099 0.0475769369561022 0.0572145367015651 0.0466761085870911 0.0472008133578327 0.0466569321129137 0.0404578479796638 0.0548304677060705 0.0559372622540144 0.0446243644990116 0.0492576733970635 0.0577918169241633 0.0447920542821004 0.047497360215127 0.047041829725501 0.0588237460943753 0.0422237590763963 0.0443244376471904 0.0557080360178929 0.0469300900021542 0.0446097008292958 0.0514187979630453 0.0493182846737312
0.0496699758868671 0.0574148536384784 0.0767174641894946 0.0733406123736879 0.0643090067734485 0.0512200308272434 0.0415947100895534 0.0598005814358429 0.0480838193538286 0.0513538055363041 0.0559829750223453 0.0636146671130191 0.0621077265424428 0.0526300722745315 0.0554886139327628 0.0580154533030493 0.100906134755419 0.0485344138795801 0.0557429956100155 0.0698303243506317 0.0549410250370417 0.0562376133992065 0.0551883978303152 0.0474556146786032 0.0667927531212252 0.0678201685923134 0.0528901056791193 0.0583056399558812 0.070615724015008 0.0513346621653717 0.0576953277950709 0.0556615323928779 0.0722738347923182 0.0492749577120647 0.052025348908362 0.0676470095723413 0.0559656697645455 0.0517004868121997 0.0609908731159066 0.0595978011923372
0.0586027107685026 0.0488821448112282 0.0931550916649523 0.0790860985382559 0.0729513366678517 0.0599560453875455 0.0464029550550284 0.0716637170798416 0.0578479782890928 0.0612009979396074 0.0667460658150814 0.0783360381215855 0.0751388696014663 0.0621874676086328 0.0658207452453003 0.0700647353776035 0.112027595311224 0.0575872731276886 0.0666854086980344 0.0703274314403324 0.0657637401218367 0.0667568374712981 0.0661955460789782 0.0559921618496377 0.0776554861173979 0.0842319607352299 0.0620651142060918 0.0702101655715744 0.0729369197433272 0.0597115635983401 0.0700456707165986 0.0573286342521013 0.0874169781426181 0.0579361342283805 0.0616842653803555 0.081425727338452 0.0660838177837857 0.060954321154404 0.0730306958668578 0.0718310108597163
0.0657610182487877 0.0291245447284901 0.0823944115865151 0.054849828616411 0.0575672885993461 0.069384012957665 0.0398489894251598 0.0761534859387717 0.0675996417206387 0.0676292813961483 0.0750287353558328 0.090859192971621 0.0781432265444438 0.0658062327874384 0.0772701489087095 0.0791097771469488 0.0783833628641956 0.0609345690473411 0.078079605857529 0.0435138324939175 0.074384013786031 0.0662399798603818 0.0729784899108289 0.0591128576739084 0.0649063019545971 0.0974214590028255 0.0594883951809988 0.0792594743180015 0.0469071219397565 0.0693522064999071 0.0690964032339186 0.0381855811013565 0.0813473563481341 0.0624652558301921 0.0668881050361212 0.078451595034979 0.0635001556118822 0.0708065350987683 0.0783273697188114 0.0712787983384511
0.0551903285167921 0.0255646888173684 0.0492821164691811 0.0316533846028554 0.0336669050833677 0.0684964770985875 0.0275636675138541 0.0545870741843497 0.0610334018074109 0.052920014419139 0.0622965037790008 0.073895062695467 0.0530348592009962 0.0484535161169397 0.0761717390713655 0.064075950050198 0.0439708926538687 0.0442756994065101 0.0719141218313044 0.0257226846318051 0.0612830446600911 0.0437610149668491 0.0561215986766999 0.0431100210855505 0.0377619402697024 0.0786635727716516 0.0385438746909183 0.0641742446998242 0.0271492397137046 0.0721469711221506 0.0441603022098184 0.0280712261758966 0.0497532827322938 0.0482888699365244 0.0509188546611996 0.0497268256177624 0.0408143238573747 0.0681955684887207 0.0575997517434164 0.0462926760205233
0.036444834212348 0.0312123441901615 0.0284284115097679 0.0274490765199357 0.026144817051566 0.0494713815400955 0.0272672061895336 0.0348260365974377 0.0385577440147463 0.0335160959003485 0.0397800051976902 0.0433924580089814 0.0324485874713479 0.0323684560931905 0.0528534268583769 0.0389548965426483 0.0254241171789645 0.0289076036651742 0.0461993376883237 0.025188180014674 0.0384959004914387 0.0287842972129714 0.0348265383030405 0.0290552274103199 0.0258700496818922 0.0469001055219151 0.0280502207373763 0.0392622200322406 0.0252168715541818 0.055965743236444 0.0286492236161625 0.0320759775366501 0.0295115752349942 0.0325755563390588 0.03335782788277 0.0305631531411525 0.0280389271210861 0.0469851687993273 0.0363762922351203 0.0280922934206234
0.033353049404101 0.0388535321972684 0.0226519293022564 0.0336465443150384 0.0306673189633033 0.0390037389588097 0.0327518455333493 0.0334812155724636 0.0274160779280885 0.0300701000297893 0.0331927935734317 0.0298200268651086 0.0300849812691889 0.0319551831662174 0.037850448291149 0.0295881658488167 0.0196679229794516 0.0281021315061625 0.0346175955677717 0.0317209272980487 0.0324684139898198 0.029237878196246 0.0305105106029238 0.0294026156325664 0.0281481999219589 0.0315794256448863 0.0309336673026763 0.0310914474144001 0.0316529791837297 0.0441878037096695 0.0297036549946858 0.0398036824225388 0.026135461984012 0.0318392237233431 0.0321385260177938 0.0285788492973181 0.0298158823882307 0.0361859807457473 0.0333711648947587 0.0257151007458418
0.0398363562197668 0.0464754670650896 0.0266588266364819 0.04240123120538 0.0391380025186053 0.0427433281864633 0.0395137338633473 0.041152277992078 0.0293056277990302 0.0358426918618531 0.0386279082684735 0.0314891718389163 0.0369291549661907 0.0388909345177384 0.03948688073696 0.0332508161746488 0.0231160163011483 0.0341182325169776 0.0384692843881051 0.0401330694429072 0.0381822539998954 0.0362097683415358 0.0363464976505661 0.0359187701639721 0.0357705611497866 0.0320759784460424 0.0382689110813475 0.0356858870893048 0.0403804568598448 0.0480930473775979 0.038059306539483 0.048457974343094 0.0320348094555049 0.0385265899024456 0.039062705945953 0.0353958651995699 0.0371466150418379 0.0398057042342299 0.0404517647848927 0.031538963015834
0.0491910886917976 0.0527350763978798 0.0330471957769231 0.0506574372357041 0.0480071447478164 0.0520827477853599 0.0468289320154107 0.0506748180480818 0.0360966773059735 0.0445446278172209 0.0485101208382885 0.0397496377467411 0.0467324947049926 0.0481547760701992 0.0483391672801692 0.0419660186746161 0.0303917340397973 0.0417834750202915 0.0479068027091531 0.0498662348295581 0.0471360512001595 0.04541035075875 0.0448854574186134 0.0443988043684685 0.0451170285204099 0.0384158953844424 0.046886297174842 0.045012143065885 0.0497010987240794 0.0584459088021373 0.0452347671179918 0.0569491799848129 0.0410512133400942 0.0477187505259361 0.0484967227739681 0.0450225515247851 0.0464710470450006 0.0492937423265124 0.0511228985051364 0.0400968150522286
0.060618668352327 0.0617836696590764 0.0402851246904496 0.0609833159821996 0.054805181303715 0.0648997973084674 0.0558937314920886 0.060769041836513 0.0429217243162121 0.0552986295791007 0.0608704994160188 0.0506067513821727 0.0583536396768806 0.0594946332789738 0.0599251016087681 0.0531793850393632 0.039355378585321 0.050420308545293 0.0594090499970164 0.0617062268846554 0.0570680076777663 0.056699752272903 0.0552816321812835 0.0545145948246417 0.0555818895626651 0.0433298270241535 0.0574203110471959 0.057080864477227 0.0583563599238178 0.071613638115598 0.0442218152967275 0.0670703686366729 0.0520137169741939 0.059067074310634 0.0599609709417648 0.0552990300961669 0.0578581504043641 0.0619917924679666 0.064718728681961 0.0503032360032558
0.0761510374397204 0.0762735976833384 0.0507946777232978 0.0766350725272662 0.0633257914949829 0.0827209096473407 0.0681732030256881 0.075751562358301 0.0508838824282517 0.0694445883597868 0.0767344526392593 0.0641809873637164 0.0736022150481092 0.0748093882311363 0.0760322003097724 0.0673086365864686 0.0504829937588636 0.0619949148169342 0.0749975863007103 0.077593797826192 0.0710286391642457 0.0715035576639103 0.0696321117607322 0.0676856205461758 0.0692206878526505 0.0517541506271092 0.0717280136169256 0.0729281345298302 0.0700985510979213 0.0907998829036459 0.0442700537436326 0.0828459876128887 0.0662592367140412 0.0740717129728856 0.0754424326348065 0.0677115441793657 0.0728324414563599 0.0789258757733276 0.0831951592433874 0.0624507667751853
0.0976881318979604 0.0970281599813984 0.0652663922808629 0.098770833655633 0.0784302150191902 0.10726959968792 0.0852875054849925 0.0976734287204824 0.063334454896497 0.0887178218093941 0.0988735839011034 0.082705161984626 0.0948685988819004 0.0959773910755071 0.0986879603438901 0.0862886302062549 0.065080466544315 0.0782760614427961 0.0969878902222739 0.0996138509206324 0.091111220990939 0.091684181714854 0.0894328533948007 0.0858000505491399 0.0885559498903128 0.0661680601724221 0.0914981794849786 0.0943729081384171 0.0885200091481238 0.11822468522464 0.0520681174726888 0.105690603681102 0.0854244066763076 0.0946839328459244 0.0968786086888948 0.0861094161367635 0.0934953853641025 0.102103647632806 0.108620056441967 0.0785494560480084
0.117359467267841 0.116627716943178 0.081914520385202 0.118506394128432 0.0960518511379224 0.126602667624228 0.10360684874105 0.117380670488999 0.0786879283894959 0.108105652157371 0.118455758170956 0.101809311654571 0.114653513894544 0.115763322078217 0.118480589531668 0.105447412761684 0.0817712985386375 0.0962663434229593 0.116738788344949 0.119266618699663 0.11061009385011 0.111268628072123 0.108978300725319 0.104657268004436 0.107940638539344 0.0831075219856532 0.111001521312794 0.114240730061503 0.107511254452144 0.135413113325059 0.064479461469975 0.125095435552661 0.104722909076313 0.11431360357059 0.116627629373698 0.105111582762527 0.11325205555986 0.12183002497787 0.127870381447746 0.0963316163506897
0.097445781054671 0.0977034885501818 0.0815731431984958 0.0973205169971807 0.0889079866674292 0.0991955167316473 0.0935466221259634 0.0967155191739546 0.079820329602769 0.0947520544507877 0.0966953928250007 0.0912556085990949 0.0961707849800793 0.0969845030947709 0.096898685363214 0.0928326218652481 0.0814963337247693 0.0898511002574073 0.0965139514297892 0.0976646041390911 0.0948780314185177 0.0954601137688241 0.0946624334590851 0.0935082838946814 0.0940881660839235 0.0817164020652293 0.0957258215458574 0.0961050914132695 0.0940940180902846 0.0997456132491086 0.0693366919157978 0.0999491467971697 0.0926358229323125 0.0967920186792372 0.097159924059678 0.0926000593888386 0.0958576480508669 0.0982616156838983 0.0988192131260066 0.0892667440941599
0.0582064193813954 0.0583465494098496 0.05469005209862 0.0580973967672544 0.0564698686984406 0.0583618853252747 0.0577097297396251 0.0579279956573334 0.0544586921449166 0.0578157144539527 0.0577568443073492 0.0568689318721059 0.0578755274593693 0.0580996995948091 0.0579656454804767 0.0572011940506786 0.0546959683309285 0.0568406980983416 0.057897070795216 0.0580866538019161 0.0576703005530225 0.0577957353372135 0.0577039692426996 0.0575759024397891 0.0575177710135326 0.0545866256695479 0.0579407819992825 0.0578884266552625 0.05763253179387 0.0581799487300682 0.0513820228732236 0.0587343132934551 0.0571878980229466 0.0581465767858537 0.0581173561542449 0.0571669381742521 0.0577432708720414 0.0582628451838372 0.058096945969039 0.0565564242483647
0.0375748014155783 0.0375327678097057 0.0357927607416887 0.0376681853836707 0.0366843260460934 0.0379381411199238 0.0368824280818417 0.0376397237994277 0.0355047693068066 0.0371983315022498 0.037616015138068 0.0369900255257414 0.0375119956139732 0.037519509653611 0.0377097158499062 0.0371185024795225 0.0358011112037428 0.0365844206410758 0.0376127172518715 0.0376146974119826 0.0373519233156132 0.0373182100749271 0.0372684212374838 0.0369977205175446 0.0372109717993909 0.035986080623441 0.0372987621383996 0.0374956553724507 0.0372151572465749 0.0382339161709647 0.0343603532080879 0.0378501650623828 0.0370976657310496 0.0374427989439391 0.0375466040647475 0.0371346625243395 0.0373963251223988 0.0377778087421943 0.0379803271817426 0.0366307684768246
0.0340261392735625 0.033901610977528 0.0322448666391389 0.0342500156974828 0.0331112028144835 0.0346506359558562 0.03296733262142 0.0342838937076281 0.031720882185108 0.0334806293173103 0.0344095629492937 0.0335252886404697 0.0340667501201692 0.0340019607920726 0.034369473136588 0.0336378116953585 0.0322207103907059 0.0327811368432608 0.0342327969032957 0.0342364451006447 0.0338376755353589 0.0337654024134251 0.0336641881621111 0.0332365825074783 0.0336672195931851 0.0326387911269711 0.0336534887080889 0.0340145710793961 0.0335681019152419 0.0353582829154339 0.030769085055714 0.0342877843208819 0.0335902809426794 0.033810606426477 0.0340367208318849 0.0336585423890805 0.0340087327911784 0.034383021685883 0.0349276079097523 0.0329992727899727
0.0389627622621331 0.0387702254149113 0.0367606716015545 0.0393463636177823 0.0378022955916892 0.0399797576911718 0.037388973925444 0.0394550218932967 0.0358745096968945 0.038133651186636 0.0398466370574122 0.0383989797008447 0.0391035334713173 0.0389949468502565 0.0395404296778781 0.0385464365017191 0.0366525815969801 0.0372320213330403 0.0393504949796591 0.039454911805726 0.0387429955266452 0.0386701935757981 0.0384521890195746 0.0378266397626229 0.0385302353326426 0.0373846890138027 0.0384511492284795 0.0389896284999323 0.0382713926060583 0.0413068860540952 0.0347171212023879 0.0392681128526485 0.0384465277920091 0.0386329040476469 0.0390341151350733 0.0385518123737254 0.0391963684527541 0.039538212735725 0.0406031254804374 0.0376353365821534
0.0465919895406315 0.0463555101163961 0.043904003023658 0.0471710588957139 0.0451364021569518 0.0481456635427963 0.0444338572084404 0.047400154577939 0.0425209742241143 0.0453869532326891 0.0482725225376762 0.0459402159121098 0.0468635450924797 0.0467421940734972 0.0474363063507204 0.046155880605219 0.0436129274389721 0.0442926969380815 0.04719734634089 0.0475673018956036 0.0463164987115154 0.0463044386156342 0.0458722382012303 0.0450471474983556 0.0460779422612412 0.0447852723488944 0.045945453097267 0.0466445700179496 0.0455512552858049 0.0504201380400521 0.0410025071602953 0.0469405530395674 0.0459611666030417 0.046124945275112 0.0467763007993486 0.0461110453531423 0.0473135652289757 0.047451888810446 0.0493191160456514 0.0449217516023864
0.055063629188491 0.0548411304827252 0.0519602548912855 0.0558634640832864 0.0533352862056805 0.0572809294070338 0.0523242601374575 0.0562837540224349 0.0499234686014374 0.0533945229286399 0.0575727824079173 0.0543312601647381 0.0555030732639688 0.0554304194558651 0.0561785657648312 0.054658709506125 0.0513455850178435 0.052187716075018 0.0559125779774254 0.0568136886134611 0.0547098071892433 0.0548665919943803 0.0540763538062839 0.0531026442929384 0.0544902515072568 0.0531124949853693 0.054329041550705 0.0551154649441473 0.0535378375481314 0.0609560818731933 0.0479516681132203 0.0554277935169103 0.0543038847857746 0.0544483780199312 0.0554423899153037 0.0545044737342191 0.0566594023418165 0.0562681959353734 0.0593246919135869 0.0530933602121174
0.0640108693131786 0.0639009486433137 0.0603914677051222 0.0650663892043047 0.0620138812409595 0.0667026440077759 0.0605341590134709 0.0657592443897721 0.0574113119724388 0.0617528623945168 0.0639998665339757 0.0631834117258846 0.0646618539253065 0.0647482447314919 0.0653927083287255 0.0637226995861429 0.0594747386295582 0.0603810898229208 0.0651063334349143 0.066810109112973 0.0635234460854073 0.0640324683321132 0.0626926600784602 0.0616487145059776 0.0634096795551543 0.0619531682799312 0.0632509983520546 0.0640131642381058 0.0618251651869518 0.0723542439300256 0.0552046752002686 0.0643636904098433 0.0631051328710951 0.0632522125831585 0.0646867127595783 0.0633575581418038 0.0670425378472767 0.0656061293101529 0.070424303990398 0.0617321394157308
0.0732708943837933 0.0733766838148488 0.0673027161029739 0.0747275252104863 0.0705459805978987 0.073843391128367 0.0673381809373148 0.0755665324361911 0.0629352135740928 0.0702006527091693 0.0637968751619923 0.0720888218780961 0.0741783160318882 0.0746444106606316 0.0750400265112605 0.0732684109506643 0.0677571267156872 0.0672645261205741 0.0744750202274249 0.0760681866425981 0.0724044927832988 0.0736165175488104 0.071678550857381 0.0704968810873562 0.0726267998996926 0.0702747912157804 0.0724051125028224 0.0731638990257543 0.0703560423082228 0.0810244909927748 0.0626040640829824 0.0737455677459215 0.0722191318636183 0.0724822247772946 0.0741952283365486 0.0724711308462635 0.0781541810679407 0.0750710967125029 0.0824593349402399 0.0698229222103573
0.0814262926301672 0.0814311012301493 0.0686504206940002 0.0840075645345168 0.0757434106430467 0.0759213819459143 0.0695869614981049 0.0833454609670069 0.0661519377396386 0.077378081698518 0.0694374585701989 0.0786259716895324 0.0825638669478014 0.0839425139545509 0.0845626433722191 0.0821505941143734 0.0748345012504059 0.0700661574325133 0.082057683107397 0.0782388425472848 0.079313514326411 0.0817343542297178 0.0805348231649528 0.0780180804215261 0.0803815647566465 0.0736824460865307 0.0795631645590923 0.0813288618677066 0.0788975457735466 0.0783996755971341 0.0693066688980529 0.0832318970504159 0.0804138361315637 0.0813372018874013 0.0813829968296424 0.0803268670397309 0.0857088406153315 0.0820253776590113 0.0921257078118472 0.0733423319778019
0.0850466975064077 0.0831877144703503 0.0720110317438988 0.0891807115156395 0.0783652482432831 0.0820485874342333 0.0743099302138534 0.0846403413202005 0.0727074084499658 0.0827502088066491 0.078742437935437 0.0816468467054053 0.0857549173643092 0.0883383228425606 0.0910538121646007 0.085840662947363 0.0799944678157412 0.0751889585410417 0.0859928187883896 0.0784823344313596 0.0832913672941731 0.0847789957181785 0.0867546289300356 0.0810021942939643 0.0830008357029174 0.0749853558024453 0.0821661440254186 0.0861305897356372 0.0864016278995822 0.0788987686845576 0.0741772396607538 0.090455187500771 0.0844311836538887 0.0862349987889828 0.0822646430194266 0.0838702110966008 0.0801872386700404 0.084342012000906 0.0901261722414127 0.0759073714580884
0.0893086482279161 0.0855220215869858 0.0800230949865747 0.0917580959576398 0.0849305686087484 0.0917167592482892 0.0825666212677833 0.0883496540513587 0.0810490286613752 0.090313077042326 0.0886765065907798 0.0883892044828341 0.0889913483911395 0.0896633594259827 0.0940991482153245 0.0867386506674598 0.0867734936347028 0.0834875697467713 0.0919777297573341 0.0843409251695091 0.0903583935787706 0.0874768524320137 0.0906000127314452 0.0852407832866267 0.0869673227792538 0.0821056363485614 0.0865860043896284 0.0920562571065587 0.09323734501833 0.0854868736387508 0.0803942688480937 0.0934139396411998 0.0888626820284372 0.0883264321495331 0.0861744099434031 0.088887882582818 0.076591690449886 0.0901336858449141 0.085884600587017 0.0835253202223728
0.0978124413578889 0.0935928469727712 0.089351613786896 0.0990960739023521 0.0939785287684171 0.102287790845493 0.0917818441474636 0.0975153338874699 0.0899143695469255 0.0990318810653044 0.0988420019058189 0.0979364734611186 0.097480090971167 0.092865750862979 0.101026170388402 0.0932213264603276 0.0936874400364445 0.0922873193058609 0.10028042737182 0.0913252694229045 0.0998189830233045 0.0922685354580361 0.097985376106763 0.0925005141955792 0.0955256926265021 0.0916181637948547 0.0932226402864123 0.100600420696742 0.101928190417108 0.092733940424902 0.0886296658918925 0.0990007812446751 0.097588465555114 0.0953364968228037 0.0951440693665704 0.0979858294871517 0.0828345751056253 0.0996053062546973 0.0876718889643827 0.0929967052930149
0.108221927727337 0.103773147362599 0.0991588613122611 0.109313146585628 0.10410853717009 0.113328580680279 0.101442886443313 0.108427301095756 0.0991798168464999 0.108427906670357 0.109339665494894 0.108419141932599 0.108104326524071 0.100501972502033 0.111323076136563 0.103079069530985 0.101832364604519 0.101543914096799 0.110568661096881 0.100762712367134 0.110348328391131 0.100944589009333 0.107934340701664 0.101373710001614 0.105907021997565 0.101843577907928 0.102312671117012 0.110703966003269 0.112021945420355 0.102801805912756 0.0977046783965526 0.108546186634615 0.108064130716938 0.105361472147901 0.105691438074216 0.108560568244728 0.0920039334028999 0.110476462443145 0.0947105051904666 0.103087610793313
0.119465749482007 0.114783860556053 0.109403618436299 0.120777109012616 0.114831852645793 0.124885590370627 0.111566050782696 0.120012579525608 0.10891733202115 0.118966585633044 0.120393532245159 0.119537673377257 0.119522558627144 0.111117586552841 0.12296990232617 0.114191676952397 0.111851560258862 0.11161225750543 0.122011274250936 0.111744440925449 0.121561298893571 0.111710554394785 0.118988766318325 0.111688767233781 0.117035126424163 0.112563973725557 0.11297890136625 0.121944315278657 0.123000051936915 0.114493733971101 0.107325840901419 0.119768162273423 0.119278693616842 0.116426731759983 0.116911600579665 0.11980057964479 0.10256704638988 0.122016956431058 0.105541743115076 0.113661239776339
0.131343499256919 0.126396741147574 0.120171226849697 0.132989838278815 0.126125030745322 0.137067347738888 0.122242527641559 0.132175093133855 0.119217684048249 0.130385888852327 0.132099690750896 0.131278200294724 0.131547963129208 0.122892181441523 0.135378273461215 0.125977117040241 0.122902233380951 0.122372997673499 0.134190028219373 0.123474393366466 0.133414660441995 0.123355043626611 0.130751200604724 0.122849791396211 0.128754294435917 0.123819954090656 0.124439591167294 0.13395554073054 0.134715695948076 0.12693673505205 0.117510432189885 0.131811728850972 0.131108436907438 0.128131615655906 0.128705185823361 0.131643532695957 0.113994731352107 0.134163590889955 0.11777757869984 0.124785953099136
0.143906162400063 0.13864645739353 0.13156108666928 0.145907963149439 0.138071169163518 0.149984652432864 0.133568065056349 0.145001198247149 0.13016852685056 0.142574187306779 0.144531343906338 0.143716929445156 0.144241942643444 0.135377557930995 0.148507066314455 0.138398807215863 0.134694644278169 0.133813076761064 0.147089160458583 0.135834803221367 0.145986112248673 0.135656403764831 0.143211487730517 0.134698553591469 0.141128678873204 0.135708570702155 0.136564569063759 0.146700421655949 0.147190438637964 0.140010859114807 0.128333365607795 0.1445655659345 0.14362363763116 0.140490165131862 0.141143519325362 0.144171862367581 0.126023624316754 0.147001612318955 0.130705182033495 0.136561411600139
0.157254975176681 0.151630740806984 0.143669844789944 0.159615577381997 0.150769041777233 0.163744976498004 0.145635217406063 0.158604694243254 0.141854780325403 0.155573621093382 0.157777853061149 0.156954032851181 0.157709491325071 0.148569445638782 0.162443208692674 0.151544336224341 0.147235172581198 0.145998789729249 0.160795942824486 0.148893633243874 0.159377720075084 0.148659941277093 0.156454624592391 0.147279453241593 0.154261345662905 0.148333716477936 0.149412814547139 0.160255467943896 0.160504959760738 0.153792930230758 0.139878214072143 0.158098738663734 0.156928381275792 0.153596722687344 0.154332030121502 0.157490584295514 0.138668200994065 0.160639808421908 0.144261334913424 0.149087918956792
0.171500024348622 0.1654580805728 0.156591819420371 0.174223821217541 0.164318509197964 0.178455219254803 0.158535273784471 0.173101524473265 0.154361480195487 0.16947145315819 0.171935463014618 0.171094491234072 0.172061692709216 0.162563934093825 0.177299838400265 0.165524415419027 0.160604843743345 0.159017165188183 0.175419220466707 0.162755767014373 0.173696669493834 0.162466949163029 0.170585229295212 0.160685606247331 0.168260451897973 0.161798300866577 0.163082949433986 0.174723219456992 0.174756310801042 0.168398245170573 0.152230477870525 0.172517883410228 0.171132086765422 0.167559277534342 0.168380133403126 0.171707498523137 0.152024744994564 0.175189459013746 0.158536658844374 0.162464360382207
0.186755015256982 0.18023920309321 0.170421904193534 0.189850894558623 0.178820538245424 0.194225283006023 0.172361135590147 0.188608683666015 0.167776388474082 0.184368824606392 0.187105133072604 0.186246727509764 0.187411386572599 0.177479282549783 0.193197286179222 0.180454308777444 0.174903143278329 0.172961934148446 0.191074510973253 0.177532703962777 0.18905454642294 0.177190015404287 0.185713646820258 0.175022180477862 0.183235723018912 0.176205998518111 0.17768205161443 0.190213906219397 0.19004901596502 0.183948694741868 0.165478406177731 0.187938793815311 0.186347230898593 0.18248884723927 0.183398018489797 0.186932574001845 0.166206023172023 0.190763561349047 0.173653463236928 0.176790842423102
0.203139473793296 0.196088370789592 0.185258425205798 0.206620962425531 0.194379659369486 0.211171456762962 0.187209941331793 0.205247554784539 0.182192274190729 0.200375242897688 0.203393877198677 0.202525184755843 0.203875320195873 0.193441464802317 0.210262262274249 0.196453197004745 0.190237217955553 0.187932190105746 0.207883841099244 0.193338785783279 0.205570363966951 0.192946031987999 0.201955843772803 0.190400749318297 0.199300772083232 0.191664502561362 0.193321415266339 0.206843998862611 0.206495245869881 0.200569058267727 0.179715057192438 0.204483267707992 0.202692163154987 0.198500269515786 0.199498980909584 0.203280834854857 0.181328170867375 0.207479720853808 0.189740055630509 0.192171769350349
0.220782766554022 0.213126773497184 0.201205815975368 0.224667461347306 0.211106756288841 0.229419850408587 0.203185547424428 0.223148171039684 0.197709157383292 0.217609653959972 0.220917085542383 0.220053920311259 0.221577620998074 0.210584766903966 0.228631310711799 0.213647579894471 0.20672183723731 0.204034024659605 0.225979082942954 0.210293192690981 0.223374757011354 0.209857759671433 0.219436502977454 0.206941006181237 0.216576598037902 0.208289024226364 0.21011830818467 0.224738710678514 0.224217407255347 0.218389503813921 0.195040630166705 0.222281800475004 0.220295182883513 0.21571543959162 0.216802783000278 0.220876017240628 0.197510719240377 0.225463750247088 0.206927966107682 0.20871892364316
0.239829370735137 0.231486783400449 0.218377443206535 0.24413809818019 0.229122102895881 0.249110410559123 0.220401220018506 0.242454289541539 0.214436894793234 0.236203700490515 0.239801486408335 0.238971133248211 0.240653932492182 0.229056846128933 0.248455988207938 0.232176186955651 0.224482335621625 0.221383165212944 0.245506852991545 0.22852341818832 0.242615518603026 0.228057769892635 0.238293472626076 0.224774844173855 0.235195761727142 0.226206303115446 0.228199393515801 0.244035945797782 0.243351988716725 0.237549767228505 0.211565190847966 0.241478299803343 0.239299711494152 0.234267500571955 0.235439496722562 0.239854955677306 0.214879939432315 0.244853837404823 0.225354870994689 0.226554897696911
0.260446322699475 0.251317531011365 0.236899109684439 0.26520181119641 0.24855908603463 0.270402307110665 0.238983042027291 0.263330193876721 0.232498637040282 0.256306694450959 0.260189133731353 0.259435474025286 0.261256739554752 0.249026829741384 0.269910099734228 0.252196748097777 0.24365925331818 0.240108584705515 0.266635438090491 0.248169751038086 0.263465706996625 0.247694006373207 0.258683980683608 0.244052446344533 0.255307865629069 0.245559940900816 0.247705368566424 0.264891795950518 0.264055073561088 0.258204579300882 0.229412277544995 0.262236801171463 0.259871550532416 0.254306364483458 0.255554324318956 0.260373489939237 0.233573673959415 0.265805931909652 0.245169483493384 0.245817539358765
0.282835035421801 0.272793193855301 0.256914096609415 0.288059369416966 0.26956944398498 0.293482025728011 0.259074857518505 0.285971105926472 0.252036069867676 0.278093278109326 0.282243329392501 0.281635912827182 0.283563152834433 0.270698279634829 0.293200733620299 0.273896443170956 0.264415386586452 0.260357829843822 0.289565529429698 0.269391539940694 0.286136879411093 0.268938060064213 0.280794243904148 0.26495185392947 0.277087773665724 0.266518577700732 0.268797696925695 0.28748883293438 0.286510879533058 0.280531302984888 0.24872429948143 0.284751789928453 0.282210350171756 0.276006914761789 0.277314540716482 0.282615490493229 0.25374821718719 0.288501640772328 0.26653832141063 0.266666556801548
0.307252168317578 0.296126914861048 0.278591408279459 0.312961269724368 0.292331602659653 0.318576747028953 0.280846334234257 0.310621057580321 0.273218272762437 0.301776220720516 0.306158321650805 0.305808853314977 0.307787704937266 0.294332186091916 0.318586870111226 0.297510118789202 0.286947499581081 0.282305754410997 0.314548622895982 0.292377156564003 0.310902931447697 0.291999049801172 0.304856038270874 0.28769566404452 0.300749530704548 0.289290022174353 0.291669605483184 0.312049952961186 0.310946219984662 0.304742071065937 0.269671547478173 0.309265837591943 0.306569756687537 0.299582754383912 0.300920842002378 0.306808256791901 0.275589427263269 0.313161152734784 0.289655963863248 0.289294531847575
0.334050488813706 0.321596921319769 0.302140886421857 0.340241139854579 0.31706548354355 0.345978562023789 0.304507591588487 0.337606959197857 0.296258333866594 0.327629846252663 0.33217678531816 0.332270899373196 0.334205738119171 0.320292648455652 0.346413980879276 0.323355912815284 0.311507922322121 0.306170420344556 0.341921837555678 0.317361938028902 0.338147503756634 0.317149880594113 0.331178452591061 0.312583552665924 0.326572689498931 0.314148499504405 0.316566261244557 0.338863916536304 0.33765733216139 0.331105452312966 0.292468858567832 0.336103063941669 0.333296586237897 0.325311952098325 0.326628119830517 0.333251616815068 0.299333285549758 0.340066616172943 0.314762705589931 0.313947321130893
0.36376849409458 0.349601445468489 0.327844330615738 0.370385075809209 0.344061853084301 0.376092773262799 0.330338830469283 0.367411160286002 0.321448213349805 0.356037464266843 0.360624727915429 0.361488754252713 0.36320100800502 0.349149595976971 0.377185418020357 0.351913895309424 0.338449068493309 0.332245423235655 0.372181234567783 0.344664665330466 0.368469535972703 0.344783384328827 0.360216035192197 0.3400636787059 0.354958163801194 0.341493672314811 0.343826374096233 0.368337704262935 0.367064933349882 0.359989773611376 0.317409984003193 0.365740097570855 0.362915986087704 0.353591061263029 0.354788061056176 0.362379234172932 0.325309359952983 0.369608993869434 0.342179010788187 0.340966234182694
0.397356770386791 0.380790739367061 0.356128778775528 0.404195122587 0.373748159013398 0.409546055683117 0.358758522014809 0.400848143839132 0.349242447931514 0.387599615471884 0.391990126101 0.394249450062808 0.39537545208656 0.38194789183641 0.4117292793059 0.384027202451931 0.368327962194677 0.360974601066378 0.406157585009133 0.374772405720286 0.402954625443298 0.375550714091143 0.392736617674253 0.37091425227105 0.386564074241735 0.371997831631986 0.373980179167855 0.401118083596261 0.399841924801967 0.391961371303438 0.344948272139945 0.398978037171981 0.396344054088198 0.385064643748235 0.38594869411665 0.39490583415687 0.354047328097587 0.402393880237988 0.37238221089639 0.370887331749007
0.436872390268643 0.416445761813584 0.38777179876347 0.443245707240066 0.406861178758949 0.447467862163362 0.390508286790875 0.439579647624904 0.380498344630455 0.423422761068091 0.427129798579812 0.432156079065937 0.431846669170883 0.42107925776613 0.451658453062934 0.421531508459015 0.40219710104422 0.393155770974319 0.445517617349023 0.408574525494083 0.444027944885138 0.410773327493709 0.430319038690167 0.40680833111346 0.422702146177851 0.407050168059624 0.40802338653691 0.438423754958441 0.437261662777572 0.428045711116027 0.375921177399524 0.43744054394192 0.43552951600868 0.420995618651652 0.421129896931259 0.432248187900625 0.386592921725792 0.43952021219166 0.406206576966893 0.404718666536574
0.488354847975702 0.459888945086781 0.424641065201385 0.491517416696567 0.445010358904702 0.492395587781126 0.427285835297533 0.48808072824212 0.41737190433634 0.466081144159698 0.467946993434144 0.479515278468342 0.475264661841133 0.474239229858862 0.500984949796852 0.469950268444145 0.442640172901614 0.430645026528474 0.494613166193958 0.448186647796642 0.499128420579955 0.454070979984265 0.477307736027179 0.452714262625794 0.466855129265494 0.450549240341377 0.448399405310081 0.483193119771985 0.482399339820756 0.470595042939975 0.412350132346415 0.485456694838542 0.486040952524846 0.464638273740716 0.462797459390701 0.478083848243953 0.425752075208174 0.483493117342007 0.445492432519712 0.444932599194451
0.582323798792288 0.524706089510452 0.473742217535382 0.564297123195177 0.493275764262903 0.55235032045934 0.474902614628925 0.565592307830932 0.468507612067715 0.524208797503286 0.520542049524334 0.554791085006089 0.534898447582145 0.587576860220127 0.574598087727977 0.558815116663448 0.499320647305588 0.47994586524031 0.571068312750725 0.501290693308276 0.608970376469337 0.521914312674044 0.553377519317071 0.534720591760636 0.533937125878006 0.520963525108602 0.504339022874618 0.545921904101298 0.546245506597327 0.527410185501473 0.461739261885079 0.561359354122465 0.574465806640718 0.529165677386177 0.520039595220916 0.547314030705477 0.484120250012976 0.542457841006877 0.496057483272314 0.50083782798191
0.378068015615911 0.632752564284006 0.56099843415578 0.762362388977901 0.581653508996003 0.674303212547579 0.567425118862628 0.613060961658599 0.513027852910224 0.653647905844791 0.622662961915703 0.634221454441615 0.675164323071427 0.343156859887977 0.777645175853742 0.36017936456233 0.618439636241638 0.582157569656148 0.737293785230255 0.612655109698928 0.3432755742358 0.446180183048153 0.496367487481558 0.359787299045877 0.54298150566722 0.401976553565595 0.626986552549159 0.697146398004025 0.706765458323931 0.646793569023179 0.563207245274719 0.673961324631491 0.424084801913861 0.642641127254356 0.649911189301465 0.674609671646603 0.426470217351352 0.665981456585677 0.592642049742099 0.617011396915724
0.478423177905174 0.464689727191817 0.46379767067037 0.454261344708952 0.451537303044021 0.427730117090781 0.453359421326595 0.47683308558745 0.456216477246574 0.423826635458242 0.458000703523737 0.466460283516971 0.453758618507104 0.470628040186418 0.445898548897469 0.482409864467638 0.452688172966963 0.452962224938775 0.465828880546279 0.472662944539353 0.480784977614507 0.476673532054893 0.483121048651531 0.472823886240373 0.484765580642611 0.472263342659831 0.464586937024318 0.459134405172784 0.449176798018476 0.447030674854425 0.437016368968134 0.469162428515236 0.475604813954885 0.470989255168431 0.475791435460042 0.471570196063541 0.46260600290319 0.439071741604508 0.429275750180412 0.461430069163936
0.557727852982083 0.546782667259589 0.531660648410411 0.564579614098324 0.547820376106951 0.568972840153612 0.530529900012662 0.565613466794264 0.519639729053495 0.54217151879373 0.567531460739524 0.554130041684686 0.561989824549438 0.539364805863545 0.568226247226213 0.551540477156909 0.53563678080832 0.532182950441214 0.566347969562726 0.553122160352532 0.559254854609364 0.547080962080617 0.56269265723522 0.539949993496726 0.561595584845416 0.540395870344243 0.545339582013079 0.566731558244367 0.561862287731 0.559393056055821 0.508698007802138 0.560400764950045 0.557537007839082 0.554055595434528 0.56306357288043 0.560821054916598 0.525253764984588 0.565714710101783 0.538467993229201 0.541937838782561
0.621936567724257 0.609174094192907 0.586763392809499 0.641897080842162 0.611413272248811 0.651071122372603 0.587856072746288 0.633436488965335 0.57299867733626 0.614150458944849 0.636440804607452 0.619547862829917 0.63235717960113 0.598819176951547 0.649703824474506 0.610828685258778 0.598817942270092 0.590887203869188 0.63875945685614 0.6141818310185 0.623266233671315 0.605592146412791 0.62678591851736 0.60008763220314 0.623924924440283 0.597655843523024 0.605898581134692 0.637837959463171 0.635448753548952 0.630521406318685 0.564660843049851 0.627831306930419 0.623549302983364 0.617229432056086 0.627535474802653 0.627015263083442 0.579004874331661 0.642669479249257 0.605960302955805 0.603543661614613
0.686502766054207 0.671282834490328 0.643511870757068 0.724848144643155 0.674110580856695 0.729801610590052 0.645273544460918 0.702008319414028 0.628237223181315 0.682744070280791 0.703508427806437 0.683558858913041 0.701158493367415 0.659556782829708 0.735942659950791 0.671433488756709 0.666649221329663 0.650519455060836 0.711762311098285 0.67666924909293 0.686691475327241 0.6650849648164 0.692316736865254 0.667555274605805 0.688206294248361 0.655773274212741 0.666495321886107 0.706745103975901 0.708493284547193 0.699276044222153 0.623347882267219 0.694083478740819 0.691565399804701 0.680412035543178 0.693083839159826 0.692574787529496 0.63433135118832 0.717766803121434 0.671927056439553 0.667512272880622
0.760337567764404 0.741566336164884 0.710515323696951 0.872622670098758 0.748173616353149 0.833758230980714 0.71055999013884 0.786505693038873 0.693483486422506 0.76488499987729 0.78271218003432 0.754532346995215 0.78473601320914 0.728778477268926 0.890488360040646 0.7408979827143 0.779326959916103 0.722875041121549 0.806066415065059 0.753514362148701 0.755601142047413 0.732363403110825 0.7708290311593 0.783709437151395 0.767094880183301 0.720852610459998 0.736303564588889 0.787218724283434 0.803409193768783 0.78015608103418 0.704221930524993 0.768768239333864 0.777982689563556 0.753263399652644 0.773718297826796 0.767846730201858 0.697630180230476 0.816972788815488 0.753823013959327 0.75247479168459
0.884660389854908 0.851602080015252 0.82206198016175 0.636364800192897 0.893107564648312 0.965342427727542 0.817803733495142 0.937439419797943 0.806775509752277 0.948983870526443 0.942573960135224 0.860252423991162 0.947393159332628 0.841755849285803 0.638248649190068 0.861337947860415 0.664737455587859 0.842017129617351 0.934836788047487 0.82700351170517 0.844120995487456 0.836429764847238 0.93508747520117 0.657596825212405 0.892357350083124 0.818664573604961 0.8609937100156 0.948489647922246 0.920374517284334 0.940494323907277 0.621369005087513 0.885525069387034 0.876197970165271 0.884044403738824 0.939430447076508 0.899127942791473 0.804065367007538 0.814280450985368 0.889199160403152 0.653793215309768
0.785796198446271 0.752043873950405 0.768702888020544 0.809013300671576 0.782096029215021 0.808920485544932 0.755919302466115 0.81443961851136 0.749918689392244 0.780752522061021 0.805006587968389 0.794768187772474 0.811789574055146 0.770721674239026 0.818195145289305 0.806237595563389 0.781068227900027 0.765281969914789 0.806646602623274 0.798168347273423 0.781549332277072 0.771461377551476 0.791592986355032 0.777087148435715 0.806488145048673 0.774273279612326 0.787559497927848 0.813386864682406 0.798925268584381 0.774400083396962 0.740881871475805 0.773085742285164 0.798733577088784 0.79190593498654 0.799523180380635 0.786348920410707 0.762973475935751 0.812283333400086 0.775424975557135 0.782097222492042
0.904314076200832 0.878980689395703 0.853379901396204 0.907385006086445 0.882935095730257 0.926903779807339 0.854113100750656 0.91803380117144 0.832422400118533 0.889251534110044 0.917198574423344 0.911908822412127 0.916277689122639 0.877938372032338 0.919491625854104 0.899507125925034 0.862209808589307 0.854224842109098 0.916298773221298 0.889860594793229 0.918749785228159 0.880157986803886 0.903155681896977 0.859035369093345 0.903537255001034 0.874716039730443 0.883337696899209 0.92840018851705 0.908230863385311 0.903653016242349 0.817139435725961 0.911226098452505 0.899775481173147 0.898946587225244 0.902207440173146 0.907373454600535 0.847516626364507 0.92008029664432 0.874413397198376 0.869860689422212
0.995809858106027 0.969074338136706 0.931712682368382 0.998338243077575 0.968751044888361 1.0248399078583 0.935887893964677 1.00840566835117 0.908490924210825 0.979020573592544 1.00884469234593 1.00322596784739 1.00650351285521 0.965819375452544 1.01274883079695 0.984300549638212 0.941765519637644 0.934361077635575 1.00958715405704 0.973930248649148 1.01490301320913 0.965980826206142 0.994449395867815 0.939204005358425 0.990525747600875 0.957828419409554 0.966868213814554 1.02268567067809 1.00086155295221 0.999752653016982 0.891352993057242 1.00801185159346 0.988530901145448 0.987755097588144 0.99068402869757 0.999595926044485 0.925030577627727 1.01325842696918 0.960698264841702 0.951840552153843
1.0884854544634 1.05894911849752 1.01360352715986 1.09199051469978 1.05683782970904 1.12368570621029 1.02024178498831 1.10116968490464 0.987776611454654 1.0700674361412 1.10195926228938 1.09704287876349 1.09888047804094 1.05735687982746 1.10866969687577 1.073472118389 1.02521719873284 1.01721757471983 1.10429062495707 1.06159885974132 1.11227351567233 1.05360226148985 1.08778243834714 1.02358945548337 1.08086312309784 1.04358079147974 1.05313294821826 1.1194287007615 1.0946677220147 1.09603775985809 0.969168894907124 1.10526846757309 1.07958482668209 1.07940060991449 1.08145940995339 1.09243197778753 1.00617507770656 1.10801924294443 1.04939281139293 1.03705109909643
1.18833716468726 1.15495085227003 1.10214389670836 1.1924313447222 1.15191697358331 1.22968423656216 1.1118746485727 1.20079528737727 1.0730323496703 1.16737728234163 1.20185927761311 1.19985289227027 1.19786362104792 1.15992662356163 1.21157861297426 1.17140719312892 1.11497123299235 1.10602757209486 1.20540494984807 1.15688233931033 1.22003068297007 1.14806595023517 1.18946879860568 1.1154322974944 1.17910461101583 1.13624977827907 1.14585338798278 1.22528205417738 1.19456806255193 1.20039416679034 1.05272937165684 1.21169931601095 1.17728553519756 1.17990836230371 1.17932173373914 1.19182823010922 1.09400866051254 1.20912794585738 1.14522573011518 1.12862700860438
1.30108375474701 1.26143049157849 1.20111628926744 1.30434787605158 1.25989926802279 1.34945690449338 1.21735963511436 1.31126848028122 1.16666640662148 1.27467950125547 1.31328783963893 1.32021130634576 1.30694775240535 1.29131880475799 1.32629976858317 1.285042305838 1.21359034043397 1.20340960729767 1.31684773337366 1.26615551544392 1.35004933656226 1.25390880568073 1.30966740640082 1.22161395604786 1.29231671649705 1.23980295150435 1.2480146360657 1.35091582886667 1.30404872596684 1.32385656987939 1.14388233676978 1.33963124212002 1.28561189328068 1.29990076231139 1.29010792058753 1.30241593598915 1.19193627563061 1.32025887800809 1.2545374302204 1.22963129275414
1.42453581265938 1.38821935531875 1.2994689070142 1.41557638840323 1.35045682564223 1.46046958119813 1.30064912330131 1.43655863787874 1.27260668547424 1.3976126521205 1.4247312228977 1.44837229753217 1.43308799533136 1.36988098846898 1.4396931171164 1.40293777841181 1.31852211470984 1.31218973240797 1.44383788121339 1.34764030997554 1.50324344948126 1.37666990962781 1.40924586600818 1.30205180512277 1.39137328593894 1.36378935759773 1.36585851845305 1.44305015822893 1.42922195795318 1.40780942475068 1.24560284192362 1.4460998424299 1.40751588480707 1.38555681149557 1.3901548955692 1.42756216801077 1.30166867079138 1.44490136551686 1.34604203564682 1.33768142566233
1.65455848431251 1.60223401048264 1.46638584337932 1.5948501661738 1.54069802916959 1.66769271504878 1.51136102083802 1.63670295254228 1.42515001945687 1.5770273412712 1.61306574074598 1.79536522397942 1.61663299610351 1.47030119749215 1.62371012805737 1.63462305576846 1.46150562387122 1.46339056480191 1.63194758702294 1.55188602773933 1.4129089517349 1.59804122959283 1.70362073594034 1.48761869855608 1.62585283838584 1.55943471453253 1.53831096336625 1.73713650253864 1.60025225791372 1.66415382169821 1.37348447429026 1.83340825847693 1.60769435317841 1.69237899209589 1.5888698554778 1.64148508486988 1.49065837273038 1.61845073501642 1.53526835715512 1.49140620598866
