0.9997832723774613 -1.0000290799086908
0.9999931302398313 -1.0000124891318376
1.0000474205816348 -1.0000804058077115
0.999882943862207 -1.0000535102840808
1.0002883639766411 -1.0000256626560577
1.0001036776439278 -1.0001033332468627
1.0002984560707642 -0.9998972973283491
1.0000849591062018 -0.99999051615255
1.0003571018604296 -0.9998375827384478
1.0003279634256699 -0.9999791795841171
0.9999730563097051 -1.000178133675802
1.000188634491149 -1.0001872702325467
1.000127352441683 -1.0000355054527952
0.9998083115069747 -0.9999638879147956
1.0001755951819522 -0.9999425514098532
0.9999318000551236 -1.0000472019797533
1.0000500922315148 -0.9999269362212404
0.9997967196061603 -1.000104866865439
1.000049595042943 -0.9999024261763156
1.0002145629341266 -0.9999384951700683
0.9999538834463446 -1.000099180546522
1.0001670030226482 -1.000000778450514
0.9999513942859846 -0.9998788178357794
1.0000747871188986 -1.0001401283451536
1.000129828398575 -0.9998517804936342
0.9999698431778938 -0.9998377111061609
1.0000315295406157 -0.9998855944032643
1.0000057821591928 -0.9999450557195235
0.9998178514383818 -1.0000241550279156
1.0002570717253607 -0.999905661116903
0.999924335119383 -0.9998660292539625
0.9999387694705595 -1.0001910089181374
0.9999450906290885 -1.000072032812274
0.9999142477668812 -1.0000716124634794
0.9997710142516354 -0.9999222788014552
1.0001340301005426 -0.999824614662332
1.0002094073615977 -1.0000362670620015
1.0001221524824504 -1.0000850601333733
1.000081475863472 -0.9999973679273468
1.0000336421034008 -1.0001151948218894
