0.0147874896574687
0.00377542610151674
0.00966166477977346
0.0113449104191593
0.0170148063595359
0.0120987192392389
0.0177660486314475
0.00924590723896489
0.0198066229833205
0.0181279795433619
0.0134223635267332
0.0163035741398584
0.0114982274328726
0.0139664026724516
0.0135924211668952
0.00910721147070387
0.00941203399745853
0.0151240076424288
0.0104620574069662
0.014940018723976
0.0104583872990624
0.0129230351284991
0.011426573506326
0.0126030394120241
0.0140370642086416
0.0128478408152078
0.0108936115936787
0.00743287902824569
0.0135551909204412
0.0165479655437367
0.0124040886308618
0.0141627367168903
0.00951707087556408
0.0105698596695977
0.0155504393829924
0.0148571641591436
0.0145782264932853
0.0122004281050232
0.00902875223142811
0.010954762675197
